Number of input arguments2
Now reading input filesample.txt
ADD
1    0    0
ADDI
2    0    #3
BEQ
1    2    #68
SLL
16    1    #2
LW
3    340(#16)
LW
4    360(#16)
LW
5    380(#16)
MUL
5    3    4
BEQ
5    0    #28
BGTZ
5    0    #16
ADD
6    3    4
SUB
5    6    5
J
    #324
BLTZ
5    0    #4
SLL
5    5    #2
J
    #324
ADDI
5    5    #12
SW
5    380(#16)
ADDI
1    1    #1
J
    #264
BREAK
-1
-2
-3
1
2
4
-4
10
7
9
1
0
-1
1
-1
0
0
0
0
0
0
0
0
0
File parsed

Executing instructions:::::
-----------256---------------
ADD
Registers
R00:	0	0	0	0	0	0	0	0
R8:	0	0	0	0	0	0	0	0
R16:	0	0	0	0	0	0	0	0
R24:	0	0	0	0	0	0	0	0
Data
340:	-1	-2	-3	1	2	4	-4	10
372:	7	9	1	0	-1	1	-1	0
404:	0	0	0	0	0	0	0	0
-----------260---------------
ADDI
Registers
R00:	0	0	3	0	0	0	0	0
R8:	0	0	0	0	0	0	0	0
R16:	0	0	0	0	0	0	0	0
R24:	0	0	0	0	0	0	0	0
Data
340:	-1	-2	-3	1	2	4	-4	10
372:	7	9	1	0	-1	1	-1	0
404:	0	0	0	0	0	0	0	0
-----------264---------------
BEQ
Registers
R00:	0	0	3	0	0	0	0	0
R8:	0	0	0	0	0	0	0	0
R16:	0	0	0	0	0	0	0	0
R24:	0	0	0	0	0	0	0	0
Data
340:	-1	-2	-3	1	2	4	-4	10
372:	7	9	1	0	-1	1	-1	0
404:	0	0	0	0	0	0	0	0
-----------268---------------
SLL
Registers
R00:	0	0	3	0	0	0	0	0
R8:	0	0	0	0	0	0	0	0
R16:	0	0	0	0	0	0	0	0
R24:	0	0	0	0	0	0	0	0
Data
340:	-1	-2	-3	1	2	4	-4	10
372:	7	9	1	0	-1	1	-1	0
404:	0	0	0	0	0	0	0	0
-----------272---------------
LW
Registers
R00:	0	0	3	-1	0	0	0	0
R8:	0	0	0	0	0	0	0	0
R16:	0	0	0	0	0	0	0	0
R24:	0	0	0	0	0	0	0	0
Data
340:	-1	-2	-3	1	2	4	-4	10
372:	7	9	1	0	-1	1	-1	0
404:	0	0	0	0	0	0	0	0
-----------276---------------
LW
Registers
R00:	0	0	3	-1	4	0	0	0
R8:	0	0	0	0	0	0	0	0
R16:	0	0	0	0	0	0	0	0
R24:	0	0	0	0	0	0	0	0
Data
340:	-1	-2	-3	1	2	4	-4	10
372:	7	9	1	0	-1	1	-1	0
404:	0	0	0	0	0	0	0	0
-----------280---------------
LW
Registers
R00:	0	0	3	-1	4	1	0	0
R8:	0	0	0	0	0	0	0	0
R16:	0	0	0	0	0	0	0	0
R24:	0	0	0	0	0	0	0	0
Data
340:	-1	-2	-3	1	2	4	-4	10
372:	7	9	1	0	-1	1	-1	0
404:	0	0	0	0	0	0	0	0
-----------284---------------
MUL
Registers
R00:	0	0	3	-1	4	-4	0	0
R8:	0	0	0	0	0	0	0	0
R16:	0	0	0	0	0	0	0	0
R24:	0	0	0	0	0	0	0	0
Data
340:	-1	-2	-3	1	2	4	-4	10
372:	7	9	1	0	-1	1	-1	0
404:	0	0	0	0	0	0	0	0
-----------288---------------
BEQ
Registers
R00:	0	0	3	-1	4	-4	0	0
R8:	0	0	0	0	0	0	0	0
R16:	0	0	0	0	0	0	0	0
R24:	0	0	0	0	0	0	0	0
Data
340:	-1	-2	-3	1	2	4	-4	10
372:	7	9	1	0	-1	1	-1	0
404:	0	0	0	0	0	0	0	0
-----------292---------------
BGTZ
Registers
R00:	0	0	3	-1	4	-4	0	0
R8:	0	0	0	0	0	0	0	0
R16:	0	0	0	0	0	0	0	0
R24:	0	0	0	0	0	0	0	0
Data
340:	-1	-2	-3	1	2	4	-4	10
372:	7	9	1	0	-1	1	-1	0
404:	0	0	0	0	0	0	0	0
-----------296---------------
ADD
Registers
R00:	0	0	3	-1	4	-4	3	0
R8:	0	0	0	0	0	0	0	0
R16:	0	0	0	0	0	0	0	0
R24:	0	0	0	0	0	0	0	0
Data
340:	-1	-2	-3	1	2	4	-4	10
372:	7	9	1	0	-1	1	-1	0
404:	0	0	0	0	0	0	0	0
-----------300---------------
SUB
Registers
R00:	0	0	3	-1	4	7	3	0
R8:	0	0	0	0	0	0	0	0
R16:	0	0	0	0	0	0	0	0
R24:	0	0	0	0	0	0	0	0
Data
340:	-1	-2	-3	1	2	4	-4	10
372:	7	9	1	0	-1	1	-1	0
404:	0	0	0	0	0	0	0	0
-----------304---------------
J
Registers
R00:	0	0	3	-1	4	7	3	0
R8:	0	0	0	0	0	0	0	0
R16:	0	0	0	0	0	0	0	0
R24:	0	0	0	0	0	0	0	0
Data
340:	-1	-2	-3	1	2	4	-4	10
372:	7	9	1	0	-1	1	-1	0
404:	0	0	0	0	0	0	0	0
-----------324---------------
SW
Registers
R00:	0	0	3	-1	4	7	3	0
R8:	0	0	0	0	0	0	0	0
R16:	0	0	0	0	0	0	0	0
R24:	0	0	0	0	0	0	0	0
Data
340:	-1	-2	-3	1	2	4	-4	10
372:	7	9	7	0	-1	1	-1	0
404:	0	0	0	0	0	0	0	0
-----------328---------------
ADDI
Registers
R00:	0	1	3	-1	4	7	3	0
R8:	0	0	0	0	0	0	0	0
R16:	0	0	0	0	0	0	0	0
R24:	0	0	0	0	0	0	0	0
Data
340:	-1	-2	-3	1	2	4	-4	10
372:	7	9	7	0	-1	1	-1	0
404:	0	0	0	0	0	0	0	0
-----------332---------------
J
Registers
R00:	0	1	3	-1	4	7	3	0
R8:	0	0	0	0	0	0	0	0
R16:	0	0	0	0	0	0	0	0
R24:	0	0	0	0	0	0	0	0
Data
340:	-1	-2	-3	1	2	4	-4	10
372:	7	9	7	0	-1	1	-1	0
404:	0	0	0	0	0	0	0	0
-----------264---------------
BEQ
Registers
R00:	0	1	3	-1	4	7	3	0
R8:	0	0	0	0	0	0	0	0
R16:	0	0	0	0	0	0	0	0
R24:	0	0	0	0	0	0	0	0
Data
340:	-1	-2	-3	1	2	4	-4	10
372:	7	9	7	0	-1	1	-1	0
404:	0	0	0	0	0	0	0	0
-----------268---------------
SLL
Registers
R00:	0	1	3	-1	4	7	3	0
R8:	0	0	0	0	0	0	0	0
R16:	4	0	0	0	0	0	0	0
R24:	0	0	0	0	0	0	0	0
Data
340:	-1	-2	-3	1	2	4	-4	10
372:	7	9	7	0	-1	1	-1	0
404:	0	0	0	0	0	0	0	0
-----------272---------------
LW
Registers
R00:	0	1	3	-2	4	7	3	0
R8:	0	0	0	0	0	0	0	0
R16:	4	0	0	0	0	0	0	0
R24:	0	0	0	0	0	0	0	0
Data
340:	-1	-2	-3	1	2	4	-4	10
372:	7	9	7	0	-1	1	-1	0
404:	0	0	0	0	0	0	0	0
-----------276---------------
LW
Registers
R00:	0	1	3	-2	-4	7	3	0
R8:	0	0	0	0	0	0	0	0
R16:	4	0	0	0	0	0	0	0
R24:	0	0	0	0	0	0	0	0
Data
340:	-1	-2	-3	1	2	4	-4	10
372:	7	9	7	0	-1	1	-1	0
404:	0	0	0	0	0	0	0	0
-----------280---------------
LW
Registers
R00:	0	1	3	-2	-4	0	3	0
R8:	0	0	0	0	0	0	0	0
R16:	4	0	0	0	0	0	0	0
R24:	0	0	0	0	0	0	0	0
Data
340:	-1	-2	-3	1	2	4	-4	10
372:	7	9	7	0	-1	1	-1	0
404:	0	0	0	0	0	0	0	0
-----------284---------------
MUL
Registers
R00:	0	1	3	-2	-4	8	3	0
R8:	0	0	0	0	0	0	0	0
R16:	4	0	0	0	0	0	0	0
R24:	0	0	0	0	0	0	0	0
Data
340:	-1	-2	-3	1	2	4	-4	10
372:	7	9	7	0	-1	1	-1	0
404:	0	0	0	0	0	0	0	0
-----------288---------------
BEQ
Registers
R00:	0	1	3	-2	-4	8	3	0
R8:	0	0	0	0	0	0	0	0
R16:	4	0	0	0	0	0	0	0
R24:	0	0	0	0	0	0	0	0
Data
340:	-1	-2	-3	1	2	4	-4	10
372:	7	9	7	0	-1	1	-1	0
404:	0	0	0	0	0	0	0	0
-----------292---------------
BGTZ
Registers
R00:	0	1	3	-2	-4	8	3	0
R8:	0	0	0	0	0	0	0	0
R16:	4	0	0	0	0	0	0	0
R24:	0	0	0	0	0	0	0	0
Data
340:	-1	-2	-3	1	2	4	-4	10
372:	7	9	7	0	-1	1	-1	0
404:	0	0	0	0	0	0	0	0
-----------312---------------
SLL
Registers
R00:	0	1	3	-2	-4	32	3	0
R8:	0	0	0	0	0	0	0	0
R16:	4	0	0	0	0	0	0	0
R24:	0	0	0	0	0	0	0	0
Data
340:	-1	-2	-3	1	2	4	-4	10
372:	7	9	7	0	-1	1	-1	0
404:	0	0	0	0	0	0	0	0
-----------316---------------
J
Registers
R00:	0	1	3	-2	-4	32	3	0
R8:	0	0	0	0	0	0	0	0
R16:	4	0	0	0	0	0	0	0
R24:	0	0	0	0	0	0	0	0
Data
340:	-1	-2	-3	1	2	4	-4	10
372:	7	9	7	0	-1	1	-1	0
404:	0	0	0	0	0	0	0	0
-----------324---------------
SW
Registers
R00:	0	1	3	-2	-4	32	3	0
R8:	0	0	0	0	0	0	0	0
R16:	4	0	0	0	0	0	0	0
R24:	0	0	0	0	0	0	0	0
Data
340:	-1	-2	-3	1	2	4	-4	10
372:	7	9	7	32	-1	1	-1	0
404:	0	0	0	0	0	0	0	0
-----------328---------------
ADDI
Registers
R00:	0	2	3	-2	-4	32	3	0
R8:	0	0	0	0	0	0	0	0
R16:	4	0	0	0	0	0	0	0
R24:	0	0	0	0	0	0	0	0
Data
340:	-1	-2	-3	1	2	4	-4	10
372:	7	9	7	32	-1	1	-1	0
404:	0	0	0	0	0	0	0	0
-----------332---------------
J
Registers
R00:	0	2	3	-2	-4	32	3	0
R8:	0	0	0	0	0	0	0	0
R16:	4	0	0	0	0	0	0	0
R24:	0	0	0	0	0	0	0	0
Data
340:	-1	-2	-3	1	2	4	-4	10
372:	7	9	7	32	-1	1	-1	0
404:	0	0	0	0	0	0	0	0
-----------264---------------
BEQ
Registers
R00:	0	2	3	-2	-4	32	3	0
R8:	0	0	0	0	0	0	0	0
R16:	4	0	0	0	0	0	0	0
R24:	0	0	0	0	0	0	0	0
Data
340:	-1	-2	-3	1	2	4	-4	10
372:	7	9	7	32	-1	1	-1	0
404:	0	0	0	0	0	0	0	0
-----------268---------------
SLL
Registers
R00:	0	2	3	-2	-4	32	3	0
R8:	0	0	0	0	0	0	0	0
R16:	8	0	0	0	0	0	0	0
R24:	0	0	0	0	0	0	0	0
Data
340:	-1	-2	-3	1	2	4	-4	10
372:	7	9	7	32	-1	1	-1	0
404:	0	0	0	0	0	0	0	0
-----------272---------------
LW
Registers
R00:	0	2	3	-3	-4	32	3	0
R8:	0	0	0	0	0	0	0	0
R16:	8	0	0	0	0	0	0	0
R24:	0	0	0	0	0	0	0	0
Data
340:	-1	-2	-3	1	2	4	-4	10
372:	7	9	7	32	-1	1	-1	0
404:	0	0	0	0	0	0	0	0
-----------276---------------
LW
Registers
R00:	0	2	3	-3	10	32	3	0
R8:	0	0	0	0	0	0	0	0
R16:	8	0	0	0	0	0	0	0
R24:	0	0	0	0	0	0	0	0
Data
340:	-1	-2	-3	1	2	4	-4	10
372:	7	9	7	32	-1	1	-1	0
404:	0	0	0	0	0	0	0	0
-----------280---------------
LW
Registers
R00:	0	2	3	-3	10	-1	3	0
R8:	0	0	0	0	0	0	0	0
R16:	8	0	0	0	0	0	0	0
R24:	0	0	0	0	0	0	0	0
Data
340:	-1	-2	-3	1	2	4	-4	10
372:	7	9	7	32	-1	1	-1	0
404:	0	0	0	0	0	0	0	0
-----------284---------------
MUL
Registers
R00:	0	2	3	-3	10	-30	3	0
R8:	0	0	0	0	0	0	0	0
R16:	8	0	0	0	0	0	0	0
R24:	0	0	0	0	0	0	0	0
Data
340:	-1	-2	-3	1	2	4	-4	10
372:	7	9	7	32	-1	1	-1	0
404:	0	0	0	0	0	0	0	0
-----------288---------------
BEQ
Registers
R00:	0	2	3	-3	10	-30	3	0
R8:	0	0	0	0	0	0	0	0
R16:	8	0	0	0	0	0	0	0
R24:	0	0	0	0	0	0	0	0
Data
340:	-1	-2	-3	1	2	4	-4	10
372:	7	9	7	32	-1	1	-1	0
404:	0	0	0	0	0	0	0	0
-----------292---------------
BGTZ
Registers
R00:	0	2	3	-3	10	-30	3	0
R8:	0	0	0	0	0	0	0	0
R16:	8	0	0	0	0	0	0	0
R24:	0	0	0	0	0	0	0	0
Data
340:	-1	-2	-3	1	2	4	-4	10
372:	7	9	7	32	-1	1	-1	0
404:	0	0	0	0	0	0	0	0
-----------296---------------
ADD
Registers
R00:	0	2	3	-3	10	-30	7	0
R8:	0	0	0	0	0	0	0	0
R16:	8	0	0	0	0	0	0	0
R24:	0	0	0	0	0	0	0	0
Data
340:	-1	-2	-3	1	2	4	-4	10
372:	7	9	7	32	-1	1	-1	0
404:	0	0	0	0	0	0	0	0
-----------300---------------
SUB
Registers
R00:	0	2	3	-3	10	37	7	0
R8:	0	0	0	0	0	0	0	0
R16:	8	0	0	0	0	0	0	0
R24:	0	0	0	0	0	0	0	0
Data
340:	-1	-2	-3	1	2	4	-4	10
372:	7	9	7	32	-1	1	-1	0
404:	0	0	0	0	0	0	0	0
-----------304---------------
J
Registers
R00:	0	2	3	-3	10	37	7	0
R8:	0	0	0	0	0	0	0	0
R16:	8	0	0	0	0	0	0	0
R24:	0	0	0	0	0	0	0	0
Data
340:	-1	-2	-3	1	2	4	-4	10
372:	7	9	7	32	-1	1	-1	0
404:	0	0	0	0	0	0	0	0
-----------324---------------
SW
Registers
R00:	0	2	3	-3	10	37	7	0
R8:	0	0	0	0	0	0	0	0
R16:	8	0	0	0	0	0	0	0
R24:	0	0	0	0	0	0	0	0
Data
340:	-1	-2	-3	1	2	4	-4	10
372:	7	9	7	32	37	1	-1	0
404:	0	0	0	0	0	0	0	0
-----------328---------------
ADDI
Registers
R00:	0	3	3	-3	10	37	7	0
R8:	0	0	0	0	0	0	0	0
R16:	8	0	0	0	0	0	0	0
R24:	0	0	0	0	0	0	0	0
Data
340:	-1	-2	-3	1	2	4	-4	10
372:	7	9	7	32	37	1	-1	0
404:	0	0	0	0	0	0	0	0
-----------332---------------
J
Registers
R00:	0	3	3	-3	10	37	7	0
R8:	0	0	0	0	0	0	0	0
R16:	8	0	0	0	0	0	0	0
R24:	0	0	0	0	0	0	0	0
Data
340:	-1	-2	-3	1	2	4	-4	10
372:	7	9	7	32	37	1	-1	0
404:	0	0	0	0	0	0	0	0
-----------264---------------
BEQ
Registers
R00:	0	3	3	-3	10	37	7	0
R8:	0	0	0	0	0	0	0	0
R16:	8	0	0	0	0	0	0	0
R24:	0	0	0	0	0	0	0	0
Data
340:	-1	-2	-3	1	2	4	-4	10
372:	7	9	7	32	37	1	-1	0
404:	0	0	0	0	0	0	0	0
-----------336---------------
BREAK
Registers
R00:	0	3	3	-3	10	37	7	0
R8:	0	0	0	0	0	0	0	0
R16:	8	0	0	0	0	0	0	0
R24:	0	0	0	0	0	0	0	0
Data
340:	-1	-2	-3	1	2	4	-4	10
372:	7	9	7	32	37	1	-1	0
404:	0	0	0	0	0	0	0	0
