--------------------
Cycle:1	256	LW R4, 312(R0)

Registers
R00:	0	0	0	0	127	0	0	0
R08:	0	0	0	0	0	0	0	0
R16:	0	0	0	0	0	0	0	0
R24:	0	0	0	0	0	0	0	0

Data
308:	53	127	-35	-35	-35	-35	-35	-35
--------------------
Cycle:2	260	LW R3, 308(R0)

Registers
R00:	0	0	0	53	127	0	0	0
R08:	0	0	0	0	0	0	0	0
R16:	0	0	0	0	0	0	0	0
R24:	0	0	0	0	0	0	0	0

Data
308:	53	127	-35	-35	-35	-35	-35	-35
--------------------
Cycle:3	264	AND R5, R3, R4

Registers
R00:	0	0	0	53	127	127	0	0
R08:	0	0	0	0	0	0	0	0
R16:	0	0	0	0	0	0	0	0
R24:	0	0	0	0	0	0	0	0

Data
308:	53	127	-35	-35	-35	-35	-35	-35
--------------------
Cycle:4	268	NOR R6, R3, R4

Registers
R00:	0	0	0	53	127	127	-128	0
R08:	0	0	0	0	0	0	0	0
R16:	0	0	0	0	0	0	0	0
R24:	0	0	0	0	0	0	0	0

Data
308:	53	127	-35	-35	-35	-35	-35	-35
--------------------
Cycle:5	272	ANDI R7, R3, #25

Registers
R00:	0	0	0	53	127	127	-128	17
R08:	0	0	0	0	0	0	0	0
R16:	0	0	0	0	0	0	0	0
R24:	0	0	0	0	0	0	0	0

Data
308:	53	127	-35	-35	-35	-35	-35	-35
--------------------
Cycle:6	276	ORI R8, R4, #42

Registers
R00:	0	0	0	53	127	127	-128	17
R08:	127	0	0	0	0	0	0	0
R16:	0	0	0	0	0	0	0	0
R24:	0	0	0	0	0	0	0	0

Data
308:	53	127	-35	-35	-35	-35	-35	-35
--------------------
Cycle:7	280	SLT R9, R7, R8

Registers
R00:	0	0	0	53	127	127	-128	17
R08:	127	1	0	0	0	0	0	0
R16:	0	0	0	0	0	0	0	0
R24:	0	0	0	0	0	0	0	0

Data
308:	53	127	-35	-35	-35	-35	-35	-35
--------------------
Cycle:8	284	OR R10, R3, R4

Registers
R00:	0	0	0	53	127	127	-128	17
R08:	127	1	127	0	0	0	0	0
R16:	0	0	0	0	0	0	0	0
R24:	0	0	0	0	0	0	0	0

Data
308:	53	127	-35	-35	-35	-35	-35	-35
--------------------
Cycle:9	288	XOR R11, R3, R7

Registers
R00:	0	0	0	53	127	127	-128	17
R08:	127	1	127	36	0	0	0	0
R16:	0	0	0	0	0	0	0	0
R24:	0	0	0	0	0	0	0	0

Data
308:	53	127	-35	-35	-35	-35	-35	-35
--------------------
Cycle:10	292	XORI R12, R7, #7

Registers
R00:	0	0	0	53	127	127	-128	17
R08:	127	1	127	36	22	0	0	0
R16:	0	0	0	0	0	0	0	0
R24:	0	0	0	0	0	0	0	0

Data
308:	53	127	-35	-35	-35	-35	-35	-35
--------------------
Cycle:11	296	SRL R13, R7, #3

Registers
R00:	0	0	0	53	127	127	-128	17
R08:	127	1	127	36	22	2	0	0
R16:	0	0	0	0	0	0	0	0
R24:	0	0	0	0	0	0	0	0

Data
308:	53	127	-35	-35	-35	-35	-35	-35
--------------------
Cycle:12	300	SRA R14, R6, #3

Registers
R00:	0	0	0	53	127	127	-128	17
R08:	127	1	127	36	22	2	536870896	0
R16:	0	0	0	0	0	0	0	0
R24:	0	0	0	0	0	0	0	0

Data
308:	53	127	-35	-35	-35	-35	-35	-35
--------------------
Cycle:13	304	BREAK

Registers
R00:	0	0	0	53	127	127	-128	17
R08:	127	1	127	36	22	2	536870896	0
R16:	0	0	0	0	0	0	0	0
R24:	0	0	0	0	0	0	0	0

Data
308:	53	127	-35	-35	-35	-35	-35	-35
